4.17132e+01,4.15211e+01,4.13298e+01,4.11392e+01,4.09494e+01,4.07604e+01,4.05723e+01,4.03850e+01,4.01986e+01,4.00131e+01,3.98286e+01,3.96450e+01,3.94623e+01,3.92807e+01,3.91001e+01,3.89205e+01,3.87420e+01,3.85646e+01,3.83883e+01,3.82132e+01,3.80393e+01,3.78666e+01,3.76952e+01,3.75250e+01,3.73562e+01,3.71887e+01,3.70226e+01,3.68579e+01,3.66946e+01,3.65328e+01,3.63726e+01,3.62138e+01,3.60567e+01,3.59012e+01,3.57473e+01,3.55951e+01,3.54447e+01,3.52960e+01,3.51491e+01,3.50040e+01,3.48609e+01,3.47196e+01,3.45802e+01,3.44428e+01,3.43075e+01,3.41741e+01,3.40429e+01,3.39137e+01,3.37867e+01,3.36619e+01,3.35392e+01,3.34188e+01,3.33007e+01,3.31848e+01,3.30712e+01,3.29600e+01,3.28510e+01,3.27445e+01,3.26404e+01,3.25386e+01,3.24393e+01,3.23423e+01,3.22479e+01,3.21558e+01,3.20662e+01,3.19791e+01,3.18944e+01,3.18122e+01,3.17324e+01,3.16550e+01,3.15801e+01,3.15075e+01,3.14374e+01,3.13696e+01,3.13043e+01,3.12412e+01,3.11805e+01,3.11220e+01,3.10658e+01,3.10118e+01,3.09600e+01,3.09104e+01,3.08629e+01,3.08174e+01,3.07740e+01,3.07326e+01,3.06931e+01,3.06554e+01,3.06197e+01,3.05857e+01,3.05535e+01,3.05230e+01,3.04941e+01,3.04668e+01,3.04410e+01,3.04167e+01,3.03938e+01,3.03724e+01,3.03522e+01,3.03333e+01,3.03156e+01,3.02991e+01,3.02837e+01,3.02693e+01,3.02560e+01,3.02436e+01,3.02322e+01,3.02216e+01,3.02119e+01,3.02030e+01,3.01948e+01,3.01873e+01,3.01805e+01,3.01743e+01,3.01688e+01,3.01638e+01,3.01594e+01,3.01555e+01,3.01522e+01,3.01493e+01,3.01469e+01,3.01449e+01,3.01434e+01,3.01423e+01,3.01417e+01,3.01415e+01,3.01417e+01,3.01423e+01,3.01434e+01,3.01449e+01,3.01469e+01,3.01493e+01,3.01522e+01,3.01555e+01,3.01594e+01,3.01638e+01,3.01688e+01,3.01743e+01,3.01805e+01,3.01873e+01,3.01948e+01,3.02030e+01,3.02119e+01,3.02216e+01,3.02322e+01,3.02436e+01,3.02560e+01,3.02693e+01,3.02837e+01,3.02991e+01,3.03156e+01,3.03333e+01,3.03522e+01,3.03724e+01,3.03938e+01,3.04167e+01,3.04410e+01,3.04668e+01,3.04941e+01,3.05230e+01,3.05535e+01,3.05857e+01,3.06197e+01,3.06554e+01,3.06931e+01,3.07326e+01,3.07740e+01,3.08174e+01,3.08629e+01,3.09104e+01,3.09600e+01,3.10118e+01,3.10658e+01,3.11220e+01,3.11805e+01,3.12412e+01,3.13043e+01,3.13696e+01,3.14374e+01,3.15075e+01,3.15801e+01,3.16550e+01,3.17324e+01,3.18122e+01,3.18944e+01,3.19791e+01,3.20662e+01,3.21558e+01,3.22479e+01,3.23423e+01,3.24393e+01,3.25386e+01,3.26404e+01,3.27445e+01,3.28510e+01,3.29600e+01,3.30712e+01,3.31848e+01,3.33007e+01,3.34188e+01,3.35392e+01,3.36619e+01,3.37867e+01,3.39137e+01
4.15211e+01,4.13279e+01,4.11354e+01,4.09436e+01,4.07527e+01,4.05625e+01,4.03732e+01,4.01847e+01,3.99971e+01,3.98104e+01,3.96246e+01,3.94397e+01,3.92558e+01,3.90729e+01,3.88910e+01,3.87102e+01,3.85304e+01,3.83517e+01,3.81741e+01,3.79977e+01,3.78225e+01,3.76485e+01,3.74758e+01,3.73043e+01,3.71341e+01,3.69653e+01,3.67979e+01,3.66318e+01,3.64673e+01,3.63042e+01,3.61426e+01,3.59825e+01,3.58241e+01,3.56673e+01,3.55121e+01,3.53587e+01,3.52069e+01,3.50570e+01,3.49088e+01,3.47626e+01,3.46181e+01,3.44757e+01,3.43351e+01,3.41966e+01,3.40601e+01,3.39256e+01,3.37933e+01,3.36631e+01,3.35351e+01,3.34092e+01,3.32856e+01,3.31643e+01,3.30452e+01,3.29284e+01,3.28140e+01,3.27020e+01,3.25923e+01,3.24851e+01,3.23803e+01,3.22779e+01,3.21780e+01,3.20805e+01,3.19856e+01,3.18931e+01,3.18031e+01,3.17156e+01,3.16307e+01,3.15482e+01,3.14682e+01,3.13907e+01,3.13157e+01,3.12431e+01,3.11730e+01,3.11053e+01,3.10400e+01,3.09771e+01,3.09166e+01,3.08584e+01,3.08025e+01,3.07488e+01,3.06974e+01,3.06482e+01,3.06011e+01,3.05561e+01,3.05132e+01,3.04723e+01,3.04334e+01,3.03964e+01,3.03613e+01,3.03280e+01,3.02964e+01,3.02666e+01,3.02384e+01,3.02119e+01,3.01868e+01,3.01633e+01,3.01412e+01,3.01204e+01,3.01010e+01,3.00829e+01,3.00659e+01,3.00502e+01,3.00355e+01,3.00219e+01,3.00092e+01,2.99976e+01,2.99868e+01,2.99769e+01,2.99678e+01,2.99594e+01,2.99518e+01,2.99449e+01,2.99386e+01,2.99329e+01,2.99278e+01,2.99232e+01,2.99192e+01,2.99157e+01,2.99126e+01,2.99100e+01,2.99078e+01,2.99061e+01,2.99047e+01,2.99037e+01,2.99032e+01,2.99030e+01,2.99032e+01,2.99037e+01,2.99047e+01,2.99061e+01,2.99078e+01,2.99100e+01,2.99126e+01,2.99157e+01,2.99192e+01,2.99232e+01,2.99278e+01,2.99329e+01,2.99386e+01,2.99449e+01,2.99518e+01,2.99594e+01,2.99678e+01,2.99769e+01,2.99868e+01,2.99976e+01,3.00092e+01,3.00219e+01,3.00355e+01,3.00502e+01,3.00659e+01,3.00829e+01,3.01010e+01,3.01204e+01,3.01412e+01,3.01633e+01,3.01868e+01,3.02119e+01,3.02384e+01,3.02666e+01,3.02964e+01,3.03280e+01,3.03613e+01,3.03964e+01,3.04334e+01,3.04723e+01,3.05132e+01,3.05561e+01,3.06011e+01,3.06482e+01,3.06974e+01,3.07488e+01,3.08025e+01,3.08584e+01,3.09166e+01,3.09771e+01,3.10400e+01,3.11053e+01,3.11730e+01,3.12431e+01,3.13157e+01,3.13907e+01,3.14682e+01,3.15482e+01,3.16307e+01,3.17156e+01,3.18031e+01,3.18931e+01,3.19856e+01,3.20805e+01,3.21780e+01,3.22779e+01,3.23803e+01,3.24851e+01,3.25923e+01,3.27020e+01,3.28140e+01,3.29284e+01,3.30452e+01,3.31643e+01,3.32856e+01,3.34092e+01,3.35351e+01,3.36631e+01
4.13298e+01,4.11354e+01,4.09417e+01,4.07488e+01,4.05566e+01,4.03653e+01,4.01747e+01,3.99851e+01,3.97962e+01,3.96083e+01,3.94212e+01,3.92351e+01,3.90499e+01,3.88657e+01,3.86825e+01,3.85004e+01,3.83193e+01,3.81393e+01,3.79604e+01,3.77827e+01,3.76062e+01,3.74308e+01,3.72567e+01,3.70839e+01,3.69124e+01,3.67422e+01,3.65734e+01,3.64061e+01,3.62401e+01,3.60757e+01,3.59127e+01,3.57514e+01,3.55916e+01,3.54334e+01,3.52769e+01,3.51222e+01,3.49691e+01,3.48179e+01,3.46685e+01,3.45209e+01,3.43753e+01,3.42315e+01,3.40898e+01,3.39501e+01,3.38124e+01,3.36768e+01,3.35434e+01,3.34121e+01,3.32830e+01,3.31561e+01,3.30315e+01,3.29092e+01,3.27892e+01,3.26715e+01,3.25563e+01,3.24434e+01,3.23330e+01,3.22250e+01,3.21195e+01,3.20165e+01,3.19160e+01,3.18180e+01,3.17225e+01,3.16296e+01,3.15392e+01,3.14514e+01,3.13661e+01,3.12834e+01,3.12032e+01,3.11256e+01,3.10505e+01,3.09779e+01,3.09078e+01,3.08402e+01,3.07750e+01,3.07123e+01,3.06519e+01,3.05940e+01,3.05384e+01,3.04851e+01,3.04341e+01,3.03853e+01,3.03387e+01,3.02942e+01,3.02519e+01,3.02116e+01,3.01733e+01,3.01369e+01,3.01025e+01,3.00699e+01,3.00390e+01,3.00099e+01,2.99825e+01,2.99567e+01,2.99325e+01,2.99097e+01,2.98884e+01,2.98684e+01,2.98498e+01,2.98325e+01,2.98163e+01,2.98013e+01,2.97874e+01,2.97745e+01,2.97627e+01,2.97517e+01,2.97416e+01,2.97324e+01,2.97239e+01,2.97162e+01,2.97092e+01,2.97028e+01,2.96971e+01,2.96919e+01,2.96873e+01,2.96832e+01,2.96796e+01,2.96764e+01,2.96736e+01,2.96713e+01,2.96694e+01,2.96678e+01,2.96666e+01,2.96657e+01,2.96652e+01,2.96651e+01,2.96652e+01,2.96657e+01,2.96666e+01,2.96678e+01,2.96694e+01,2.96713e+01,2.96736e+01,2.96764e+01,2.96796e+01,2.96832e+01,2.96873e+01,2.96919e+01,2.96971e+01,2.97028e+01,2.97092e+01,2.97162e+01,2.97239e+01,2.97324e+01,2.97416e+01,2.97517e+01,2.97627e+01,2.97745e+01,2.97874e+01,2.98013e+01,2.98163e+01,2.98325e+01,2.98498e+01,2.98684e+01,2.98884e+01,2.99097e+01,2.99325e+01,2.99567e+01,2.99825e+01,3.00099e+01,3.00390e+01,3.00699e+01,3.01025e+01,3.01369e+01,3.01733e+01,3.02116e+01,3.02519e+01,3.02942e+01,3.03387e+01,3.03853e+01,3.04341e+01,3.04851e+01,3.05384e+01,3.05940e+01,3.06519e+01,3.07123e+01,3.07750e+01,3.08402e+01,3.09078e+01,3.09779e+01,3.10505e+01,3.11256e+01,3.12032e+01,3.12834e+01,3.13661e+01,3.14514e+01,3.15392e+01,3.16296e+01,3.17225e+01,3.18180e+01,3.19160e+01,3.20165e+01,3.21195e+01,3.22250e+01,3.23330e+01,3.24434e+01,3.25563e+01,3.26715e+01,3.27892e+01,3.29092e+01,3.30315e+01,3.31561e+01,3.32830e+01,3.34121e+01
4.11392e+01,4.09436e+01,4.07488e+01,4.05547e+01,4.03613e+01,4.01688e+01,3.99770e+01,3.97861e+01,3.95960e+01,3.94068e+01,3.92185e+01,3.90311e+01,3.88446e+01,3.86591e+01,3.84746e+01,3.82912e+01,3.81088e+01,3.79274e+01,3.77472e+01,3.75681e+01,3.73902e+01,3.72135e+01,3.70381e+01,3.68639e+01,3.66910e+01,3.65194e+01,3.63493e+01,3.61805e+01,3.60132e+01,3.58474e+01,3.56831e+01,3.55203e+01,3.53592e+01,3.51996e+01,3.50418e+01,3.48857e+01,3.47313e+01,3.45788e+01,3.44280e+01,3.42792e+01,3.41322e+01,3.39872e+01,3.38443e+01,3.37033e+01,3.35644e+01,3.34277e+01,3.32930e+01,3.31606e+01,3.30304e+01,3.29025e+01,3.27768e+01,3.26535e+01,3.25326e+01,3.24140e+01,3.22979e+01,3.21842e+01,3.20729e+01,3.19642e+01,3.18580e+01,3.17543e+01,3.16532e+01,3.15546e+01,3.14587e+01,3.13653e+01,3.12745e+01,3.11863e+01,3.11008e+01,3.10178e+01,3.09374e+01,3.08596e+01,3.07844e+01,3.07118e+01,3.06417e+01,3.05742e+01,3.05091e+01,3.04466e+01,3.03865e+01,3.03288e+01,3.02736e+01,3.02207e+01,3.01701e+01,3.01217e+01,3.00756e+01,3.00317e+01,2.99900e+01,2.99503e+01,2.99126e+01,2.98770e+01,2.98432e+01,2.98113e+01,2.97813e+01,2.97529e+01,2.97263e+01,2.97013e+01,2.96779e+01,2.96559e+01,2.96355e+01,2.96164e+01,2.95986e+01,2.95821e+01,2.95667e+01,2.95525e+01,2.95394e+01,2.95274e+01,2.95163e+01,2.95061e+01,2.94967e+01,2.94882e+01,2.94805e+01,2.94734e+01,2.94670e+01,2.94612e+01,2.94561e+01,2.94514e+01,2.94473e+01,2.94436e+01,2.94404e+01,2.94376e+01,2.94352e+01,2.94332e+01,2.94315e+01,2.94301e+01,2.94291e+01,2.94283e+01,2.94279e+01,2.94278e+01,2.94279e+01,2.94283e+01,2.94291e+01,2.94301e+01,2.94315e+01,2.94332e+01,2.94352e+01,2.94376e+01,2.94404e+01,2.94436e+01,2.94473e+01,2.94514e+01,2.94561e+01,2.94612e+01,2.94670e+01,2.94734e+01,2.94805e+01,2.94882e+01,2.94967e+01,2.95061e+01,2.95163e+01,2.95274e+01,2.95394e+01,2.95525e+01,2.95667e+01,2.95821e+01,2.95986e+01,2.96164e+01,2.96355e+01,2.96559e+01,2.96779e+01,2.97013e+01,2.97263e+01,2.97529e+01,2.97813e+01,2.98113e+01,2.98432e+01,2.98770e+01,2.99126e+01,2.99503e+01,2.99900e+01,3.00317e+01,3.00756e+01,3.01217e+01,3.01701e+01,3.02207e+01,3.02736e+01,3.03288e+01,3.03865e+01,3.04466e+01,3.05091e+01,3.05742e+01,3.06417e+01,3.07118e+01,3.07844e+01,3.08596e+01,3.09374e+01,3.10178e+01,3.11008e+01,3.11863e+01,3.12745e+01,3.13653e+01,3.14587e+01,3.15546e+01,3.16532e+01,3.17543e+01,3.18580e+01,3.19642e+01,3.20729e+01,3.21842e+01,3.22979e+01,3.24140e+01,3.25326e+01,3.26535e+01,3.27768e+01,3.29025e+01,3.30304e+01,3.31606e+01
4.09494e+01,4.07527e+01,4.05566e+01,4.03613e+01,4.01668e+01,3.99730e+01,3.97800e+01,3.95878e+01,3.93965e+01,3.92060e+01,3.90164e+01,3.88277e+01,3.86399e+01,3.84531e+01,3.82673e+01,3.80825e+01,3.78987e+01,3.77161e+01,3.75345e+01,3.73540e+01,3.71748e+01,3.69967e+01,3.68198e+01,3.66442e+01,3.64699e+01,3.62970e+01,3.61254e+01,3.59552e+01,3.57865e+01,3.56193e+01,3.54536e+01,3.52894e+01,3.51269e+01,3.49659e+01,3.48067e+01,3.46492e+01,3.44935e+01,3.43395e+01,3.41875e+01,3.40373e+01,3.38890e+01,3.37427e+01,3.35985e+01,3.34562e+01,3.33161e+01,3.31781e+01,3.30423e+01,3.29088e+01,3.27774e+01,3.26484e+01,3.25217e+01,3.23973e+01,3.22754e+01,3.21559e+01,3.20388e+01,3.19242e+01,3.18122e+01,3.17027e+01,3.15957e+01,3.14914e+01,3.13896e+01,3.12905e+01,3.11940e+01,3.11001e+01,3.10089e+01,3.09204e+01,3.08345e+01,3.07513e+01,3.06707e+01,3.05928e+01,3.05175e+01,3.04449e+01,3.03748e+01,3.03074e+01,3.02425e+01,3.01801e+01,3.01203e+01,3.00629e+01,3.00080e+01,2.99555e+01,2.99053e+01,2.98575e+01,2.98119e+01,2.97686e+01,2.97274e+01,2.96884e+01,2.96514e+01,2.96165e+01,2.95835e+01,2.95524e+01,2.95231e+01,2.94956e+01,2.94698e+01,2.94457e+01,2.94231e+01,2.94020e+01,2.93824e+01,2.93642e+01,2.93473e+01,2.93316e+01,2.93172e+01,2.93039e+01,2.92916e+01,2.92804e+01,2.92701e+01,2.92607e+01,2.92521e+01,2.92443e+01,2.92373e+01,2.92310e+01,2.92252e+01,2.92201e+01,2.92155e+01,2.92114e+01,2.92078e+01,2.92046e+01,2.92019e+01,2.91995e+01,2.91974e+01,2.91957e+01,2.91942e+01,2.91931e+01,2.91922e+01,2.91916e+01,2.91912e+01,2.91911e+01,2.91912e+01,2.91916e+01,2.91922e+01,2.91931e+01,2.91942e+01,2.91957e+01,2.91974e+01,2.91995e+01,2.92019e+01,2.92046e+01,2.92078e+01,2.92114e+01,2.92155e+01,2.92201e+01,2.92252e+01,2.92310e+01,2.92373e+01,2.92443e+01,2.92521e+01,2.92607e+01,2.92701e+01,2.92804e+01,2.92916e+01,2.93039e+01,2.93172e+01,2.93316e+01,2.93473e+01,2.93642e+01,2.93824e+01,2.94020e+01,2.94231e+01,2.94457e+01,2.94698e+01,2.94956e+01,2.95231e+01,2.95524e+01,2.95835e+01,2.96165e+01,2.96514e+01,2.96884e+01,2.97274e+01,2.97686e+01,2.98119e+01,2.98575e+01,2.99053e+01,2.99555e+01,3.00080e+01,3.00629e+01,3.01203e+01,3.01801e+01,3.02425e+01,3.03074e+01,3.03748e+01,3.04449e+01,3.05175e+01,3.05928e+01,3.06707e+01,3.07513e+01,3.08345e+01,3.09204e+01,3.10089e+01,3.11001e+01,3.11940e+01,3.12905e+01,3.13896e+01,3.14914e+01,3.15957e+01,3.17027e+01,3.18122e+01,3.19242e+01,3.20388e+01,3.21559e+01,3.22754e+01,3.23973e+01,3.25217e+01,3.26484e+01,3.27774e+01,3.29088e+01
4.07604e+01,4.05625e+01,4.03653e+01,4.01688e+01,3.99730e+01,3.97780e+01,3.95837e+01,3.93903e+01,3.91977e+01,3.90059e+01,3.88150e+01,3.86250e+01,3.84359e+01,3.82478e+01,3.80606e+01,3.78744e+01,3.76893e+01,3.75052e+01,3.73223e+01,3.71404e+01,3.69597e+01,3.67803e+01,3.66020e+01,3.64250e+01,3.62493e+01,3.60749e+01,3.59019e+01,3.57303e+01,3.55601e+01,3.53914e+01,3.52243e+01,3.50587e+01,3.48947e+01,3.47323e+01,3.45717e+01,3.44128e+01,3.42556e+01,3.41003e+01,3.39468e+01,3.37953e+01,3.36456e+01,3.34980e+01,3.33524e+01,3.32089e+01,3.30675e+01,3.29283e+01,3.27912e+01,3.26565e+01,3.25240e+01,3.23938e+01,3.22660e+01,3.21406e+01,3.20176e+01,3.18971e+01,3.17791e+01,3.16636e+01,3.15507e+01,3.14404e+01,3.13327e+01,3.12277e+01,3.11252e+01,3.10255e+01,3.09285e+01,3.08341e+01,3.07425e+01,3.06536e+01,3.05674e+01,3.04839e+01,3.04031e+01,3.03250e+01,3.02497e+01,3.01770e+01,3.01070e+01,3.00396e+01,2.99749e+01,2.99127e+01,2.98531e+01,2.97961e+01,2.97415e+01,2.96895e+01,2.96398e+01,2.95925e+01,2.95475e+01,2.95047e+01,2.94642e+01,2.94259e+01,2.93897e+01,2.93555e+01,2.93233e+01,2.92930e+01,2.92645e+01,2.92379e+01,2.92130e+01,2.91897e+01,2.91680e+01,2.91479e+01,2.91292e+01,2.91119e+01,2.90959e+01,2.90812e+01,2.90677e+01,2.90552e+01,2.90439e+01,2.90335e+01,2.90241e+01,2.90155e+01,2.90078e+01,2.90008e+01,2.89945e+01,2.89889e+01,2.89839e+01,2.89794e+01,2.89754e+01,2.89719e+01,2.89689e+01,2.89662e+01,2.89639e+01,2.89619e+01,2.89602e+01,2.89588e+01,2.89577e+01,2.89567e+01,2.89560e+01,2.89555e+01,2.89552e+01,2.89551e+01,2.89552e+01,2.89555e+01,2.89560e+01,2.89567e+01,2.89577e+01,2.89588e+01,2.89602e+01,2.89619e+01,2.89639e+01,2.89662e+01,2.89689e+01,2.89719e+01,2.89754e+01,2.89794e+01,2.89839e+01,2.89889e+01,2.89945e+01,2.90008e+01,2.90078e+01,2.90155e+01,2.90241e+01,2.90335e+01,2.90439e+01,2.90552e+01,2.90677e+01,2.90812e+01,2.90959e+01,2.91119e+01,2.91292e+01,2.91479e+01,2.91680e+01,2.91897e+01,2.92130e+01,2.92379e+01,2.92645e+01,2.92930e+01,2.93233e+01,2.93555e+01,2.93897e+01,2.94259e+01,2.94642e+01,2.95047e+01,2.95475e+01,2.95925e+01,2.96398e+01,2.96895e+01,2.97415e+01,2.97961e+01,2.98531e+01,2.99127e+01,2.99749e+01,3.00396e+01,3.01070e+01,3.01770e+01,3.02497e+01,3.03250e+01,3.04031e+01,3.04839e+01,3.05674e+01,3.06536e+01,3.07425e+01,3.08341e+01,3.09285e+01,3.10255e+01,3.11252e+01,3.12277e+01,3.13327e+01,3.14404e+01,3.15507e+01,3.16636e+01,3.17791e+01,3.18971e+01,3.20176e+01,3.21406e+01,3.22660e+01,3.23938e+01,3.25240e+01,3.26565e+01
4.05723e+01,4.03732e+01,4.01747e+01,3.99770e+01,3.97800e+01,3.95837e+01,3.93882e+01,3.91935e+01,3.89996e+01,3.88065e+01,3.86143e+01,3.84229e+01,3.82325e+01,3.80430e+01,3.78545e+01,3.76670e+01,3.74805e+01,3.72950e+01,3.71106e+01,3.69274e+01,3.67452e+01,3.65643e+01,3.63846e+01,3.62061e+01,3.60290e+01,3.58531e+01,3.56786e+01,3.55056e+01,3.53339e+01,3.51638e+01,3.49951e+01,3.48281e+01,3.46626e+01,3.44988e+01,3.43367e+01,3.41763e+01,3.40177e+01,3.38610e+01,3.37061e+01,3.35531e+01,3.34021e+01,3.32531e+01,3.31061e+01,3.29613e+01,3.28186e+01,3.26780e+01,3.25398e+01,3.24037e+01,3.22700e+01,3.21387e+01,3.20097e+01,3.18832e+01,3.17592e+01,3.16377e+01,3.15187e+01,3.14023e+01,3.12885e+01,3.11774e+01,3.10689e+01,3.09631e+01,3.08600e+01,3.07596e+01,3.06620e+01,3.05672e+01,3.04751e+01,3.03858e+01,3.02993e+01,3.02155e+01,3.01345e+01,3.00563e+01,2.99809e+01,2.99082e+01,2.98382e+01,2.97709e+01,2.97064e+01,2.96444e+01,2.95851e+01,2.95284e+01,2.94743e+01,2.94226e+01,2.93734e+01,2.93267e+01,2.92823e+01,2.92402e+01,2.92004e+01,2.91628e+01,2.91273e+01,2.90939e+01,2.90625e+01,2.90331e+01,2.90055e+01,2.89798e+01,2.89558e+01,2.89335e+01,2.89128e+01,2.88936e+01,2.88759e+01,2.88595e+01,2.88445e+01,2.88308e+01,2.88182e+01,2.88067e+01,2.87963e+01,2.87869e+01,2.87783e+01,2.87706e+01,2.87638e+01,2.87576e+01,2.87521e+01,2.87473e+01,2.87430e+01,2.87392e+01,2.87359e+01,2.87330e+01,2.87305e+01,2.87284e+01,2.87265e+01,2.87250e+01,2.87237e+01,2.87226e+01,2.87217e+01,2.87210e+01,2.87205e+01,2.87202e+01,2.87200e+01,2.87199e+01,2.87200e+01,2.87202e+01,2.87205e+01,2.87210e+01,2.87217e+01,2.87226e+01,2.87237e+01,2.87250e+01,2.87265e+01,2.87284e+01,2.87305e+01,2.87330e+01,2.87359e+01,2.87392e+01,2.87430e+01,2.87473e+01,2.87521e+01,2.87576e+01,2.87638e+01,2.87706e+01,2.87783e+01,2.87869e+01,2.87963e+01,2.88067e+01,2.88182e+01,2.88308e+01,2.88445e+01,2.88595e+01,2.88759e+01,2.88936e+01,2.89128e+01,2.89335e+01,2.89558e+01,2.89798e+01,2.90055e+01,2.90331e+01,2.90625e+01,2.90939e+01,2.91273e+01,2.91628e+01,2.92004e+01,2.92402e+01,2.92823e+01,2.93267e+01,2.93734e+01,2.94226e+01,2.94743e+01,2.95284e+01,2.95851e+01,2.96444e+01,2.97064e+01,2.97709e+01,2.98382e+01,2.99082e+01,2.99809e+01,3.00563e+01,3.01345e+01,3.02155e+01,3.02993e+01,3.03858e+01,3.04751e+01,3.05672e+01,3.06620e+01,3.07596e+01,3.08600e+01,3.09631e+01,3.10689e+01,3.11774e+01,3.12885e+01,3.14023e+01,3.15187e+01,3.16377e+01,3.17592e+01,3.18832e+01,3.20097e+01,3.21387e+01,3.22700e+01,3.24037e+01
4.03850e+01,4.01847e+01,3.99851e+01,3.97861e+01,3.95878e+01,3.93903e+01,3.91935e+01,3.89975e+01,3.88023e+01,3.86079e+01,3.84143e+01,3.82216e+01,3.80298e+01,3.78390e+01,3.76491e+01,3.74601e+01,3.72722e+01,3.70853e+01,3.68995e+01,3.67148e+01,3.65312e+01,3.63489e+01,3.61677e+01,3.59877e+01,3.58091e+01,3.56317e+01,3.54558e+01,3.52812e+01,3.51080e+01,3.49364e+01,3.47662e+01,3.45977e+01,3.44307e+01,3.42654e+01,3.41018e+01,3.39399e+01,3.37799e+01,3.36216e+01,3.34653e+01,3.33108e+01,3.31584e+01,3.30080e+01,3.28596e+01,3.27134e+01,3.25693e+01,3.24275e+01,3.22879e+01,3.21506e+01,3.20156e+01,3.18831e+01,3.17529e+01,3.16253e+01,3.15002e+01,3.13776e+01,3.12576e+01,3.11402e+01,3.10255e+01,3.09135e+01,3.08042e+01,3.06977e+01,3.05939e+01,3.04929e+01,3.03947e+01,3.02993e+01,3.02067e+01,3.01170e+01,3.00302e+01,2.99461e+01,2.98649e+01,2.97866e+01,2.97111e+01,2.96383e+01,2.95684e+01,2.95013e+01,2.94368e+01,2.93752e+01,2.93162e+01,2.92598e+01,2.92061e+01,2.91549e+01,2.91062e+01,2.90600e+01,2.90163e+01,2.89749e+01,2.89358e+01,2.88989e+01,2.88643e+01,2.88317e+01,2.88012e+01,2.87727e+01,2.87460e+01,2.87213e+01,2.86982e+01,2.86769e+01,2.86572e+01,2.86390e+01,2.86223e+01,2.86070e+01,2.85930e+01,2.85803e+01,2.85687e+01,2.85583e+01,2.85488e+01,2.85404e+01,2.85328e+01,2.85260e+01,2.85200e+01,2.85147e+01,2.85101e+01,2.85060e+01,2.85025e+01,2.84995e+01,2.84968e+01,2.84946e+01,2.84927e+01,2.84911e+01,2.84898e+01,2.84887e+01,2.84878e+01,2.84871e+01,2.84865e+01,2.84861e+01,2.84857e+01,2.84855e+01,2.84854e+01,2.84854e+01,2.84854e+01,2.84855e+01,2.84857e+01,2.84861e+01,2.84865e+01,2.84871e+01,2.84878e+01,2.84887e+01,2.84898e+01,2.84911e+01,2.84927e+01,2.84946e+01,2.84968e+01,2.84995e+01,2.85025e+01,2.85060e+01,2.85101e+01,2.85147e+01,2.85200e+01,2.85260e+01,2.85328e+01,2.85404e+01,2.85488e+01,2.85583e+01,2.85687e+01,2.85803e+01,2.85930e+01,2.86070e+01,2.86223e+01,2.86390e+01,2.86572e+01,2.86769e+01,2.86982e+01,2.87213e+01,2.87460e+01,2.87727e+01,2.88012e+01,2.88317e+01,2.88643e+01,2.88989e+01,2.89358e+01,2.89749e+01,2.90163e+01,2.90600e+01,2.91062e+01,2.91549e+01,2.92061e+01,2.92598e+01,2.93162e+01,2.93752e+01,2.94368e+01,2.95013e+01,2.95684e+01,2.96383e+01,2.97111e+01,2.97866e+01,2.98649e+01,2.99461e+01,3.00302e+01,3.01170e+01,3.02067e+01,3.02993e+01,3.03947e+01,3.04929e+01,3.05939e+01,3.06977e+01,3.08042e+01,3.09135e+01,3.10255e+01,3.11402e+01,3.12576e+01,3.13776e+01,3.15002e+01,3.16253e+01,3.17529e+01,3.18831e+01,3.20156e+01,3.21506e+01
4.01986e+01,3.99971e+01,3.97962e+01,3.95960e+01,3.93965e+01,3.91977e+01,3.89996e+01,3.88023e+01,3.86057e+01,3.84100e+01,3.82151e+01,3.80210e+01,3.78279e+01,3.76356e+01,3.74443e+01,3.72540e+01,3.70646e+01,3.68763e+01,3.66890e+01,3.65028e+01,3.63178e+01,3.61339e+01,3.59512e+01,3.57698e+01,3.55896e+01,3.54108e+01,3.52333e+01,3.50571e+01,3.48825e+01,3.47093e+01,3.45376e+01,3.43675e+01,3.41990e+01,3.40321e+01,3.38670e+01,3.37036e+01,3.35420e+01,3.33822e+01,3.32244e+01,3.30684e+01,3.29145e+01,3.27626e+01,3.26128e+01,3.24652e+01,3.23197e+01,3.21765e+01,3.20355e+01,3.18969e+01,3.17607e+01,3.16269e+01,3.14955e+01,3.13667e+01,3.12405e+01,3.11168e+01,3.09957e+01,3.08774e+01,3.07617e+01,3.06488e+01,3.05387e+01,3.04313e+01,3.03268e+01,3.02251e+01,3.01263e+01,3.00304e+01,2.99374e+01,2.98472e+01,2.97600e+01,2.96757e+01,2.95943e+01,2.95158e+01,2.94402e+01,2.93674e+01,2.92976e+01,2.92305e+01,2.91663e+01,2.91049e+01,2.90462e+01,2.89902e+01,2.89369e+01,2.88862e+01,2.88381e+01,2.87926e+01,2.87495e+01,2.87088e+01,2.86704e+01,2.86344e+01,2.86006e+01,2.85689e+01,2.85393e+01,2.85117e+01,2.84861e+01,2.84623e+01,2.84403e+01,2.84200e+01,2.84014e+01,2.83843e+01,2.83686e+01,2.83544e+01,2.83415e+01,2.83298e+01,2.83193e+01,2.83099e+01,2.83015e+01,2.82940e+01,2.82875e+01,2.82817e+01,2.82766e+01,2.82722e+01,2.82685e+01,2.82653e+01,2.82625e+01,2.82603e+01,2.82584e+01,2.82568e+01,2.82555e+01,2.82545e+01,2.82537e+01,2.82531e+01,2.82526e+01,2.82523e+01,2.82520e+01,2.82518e+01,2.82517e+01,2.82516e+01,2.82516e+01,2.82516e+01,2.82516e+01,2.82516e+01,2.82517e+01,2.82518e+01,2.82520e+01,2.82523e+01,2.82526e+01,2.82531e+01,2.82537e+01,2.82545e+01,2.82555e+01,2.82568e+01,2.82584e+01,2.82603e+01,2.82625e+01,2.82653e+01,2.82685e+01,2.82722e+01,2.82766e+01,2.82817e+01,2.82875e+01,2.82940e+01,2.83015e+01,2.83099e+01,2.83193e+01,2.83298e+01,2.83415e+01,2.83544e+01,2.83686e+01,2.83843e+01,2.84014e+01,2.84200e+01,2.84403e+01,2.84623e+01,2.84861e+01,2.85117e+01,2.85393e+01,2.85689e+01,2.86006e+01,2.86344e+01,2.86704e+01,2.87088e+01,2.87495e+01,2.87926e+01,2.88381e+01,2.88862e+01,2.89369e+01,2.89902e+01,2.90462e+01,2.91049e+01,2.91663e+01,2.92305e+01,2.92976e+01,2.93674e+01,2.94402e+01,2.95158e+01,2.95943e+01,2.96757e+01,2.97600e+01,2.98472e+01,2.99374e+01,3.00304e+01,3.01263e+01,3.02251e+01,3.03268e+01,3.04313e+01,3.05387e+01,3.06488e+01,3.07617e+01,3.08774e+01,3.09957e+01,3.11168e+01,3.12405e+01,3.13667e+01,3.14955e+01,3.16269e+01,3.17607e+01,3.18969e+01
4.00131e+01,3.98104e+01,3.96083e+01,3.94068e+01,3.92060e+01,3.90059e+01,3.88065e+01,3.86079e+01,3.84100e+01,3.82129e+01,3.80166e+01,3.78212e+01,3.76267e+01,3.74330e+01,3.72402e+01,3.70485e+01,3.68576e+01,3.66679e+01,3.64791e+01,3.62914e+01,3.61049e+01,3.59195e+01,3.57353e+01,3.55523e+01,3.53706e+01,3.51902e+01,3.50111e+01,3.48334e+01,3.46572e+01,3.44824e+01,3.43092e+01,3.41375e+01,3.39674e+01,3.37990e+01,3.36322e+01,3.34673e+01,3.33041e+01,3.31428e+01,3.29834e+01,3.28259e+01,3.26705e+01,3.25171e+01,3.23658e+01,3.22167e+01,3.20698e+01,3.19251e+01,3.17828e+01,3.16428e+01,3.15053e+01,3.13702e+01,3.12376e+01,3.11075e+01,3.09801e+01,3.08553e+01,3.07331e+01,3.06137e+01,3.04971e+01,3.03833e+01,3.02722e+01,3.01641e+01,3.00588e+01,2.99564e+01,2.98570e+01,2.97605e+01,2.96669e+01,2.95764e+01,2.94888e+01,2.94042e+01,2.93226e+01,2.92439e+01,2.91682e+01,2.90955e+01,2.90256e+01,2.89587e+01,2.88947e+01,2.88335e+01,2.87752e+01,2.87196e+01,2.86668e+01,2.86166e+01,2.85691e+01,2.85242e+01,2.84818e+01,2.84418e+01,2.84043e+01,2.83691e+01,2.83362e+01,2.83054e+01,2.82768e+01,2.82502e+01,2.82256e+01,2.82029e+01,2.81820e+01,2.81628e+01,2.81453e+01,2.81293e+01,2.81148e+01,2.81017e+01,2.80899e+01,2.80793e+01,2.80699e+01,2.80616e+01,2.80543e+01,2.80479e+01,2.80424e+01,2.80376e+01,2.80335e+01,2.80301e+01,2.80273e+01,2.80249e+01,2.80231e+01,2.80216e+01,2.80204e+01,2.80196e+01,2.80190e+01,2.80186e+01,2.80183e+01,2.80182e+01,2.80182e+01,2.80182e+01,2.80183e+01,2.80184e+01,2.80185e+01,2.80186e+01,2.80186e+01,2.80186e+01,2.80186e+01,2.80186e+01,2.80185e+01,2.80184e+01,2.80183e+01,2.80182e+01,2.80182e+01,2.80182e+01,2.80183e+01,2.80186e+01,2.80190e+01,2.80196e+01,2.80204e+01,2.80216e+01,2.80231e+01,2.80249e+01,2.80273e+01,2.80301e+01,2.80335e+01,2.80376e+01,2.80424e+01,2.80479e+01,2.80543e+01,2.80616e+01,2.80699e+01,2.80793e+01,2.80899e+01,2.81017e+01,2.81148e+01,2.81293e+01,2.81453e+01,2.81628e+01,2.81820e+01,2.82029e+01,2.82256e+01,2.82502e+01,2.82768e+01,2.83054e+01,2.83362e+01,2.83691e+01,2.84043e+01,2.84418e+01,2.84818e+01,2.85242e+01,2.85691e+01,2.86166e+01,2.86668e+01,2.87196e+01,2.87752e+01,2.88335e+01,2.88947e+01,2.89587e+01,2.90256e+01,2.90955e+01,2.91682e+01,2.92439e+01,2.93226e+01,2.94042e+01,2.94888e+01,2.95764e+01,2.96669e+01,2.97605e+01,2.98570e+01,2.99564e+01,3.00588e+01,3.01641e+01,3.02722e+01,3.03833e+01,3.04971e+01,3.06137e+01,3.07331e+01,3.08553e+01,3.09801e+01,3.11075e+01,3.12376e+01,3.13702e+01,3.15053e+01,3.16428e+01
3.98286e+01,3.96246e+01,3.94212e+01,3.92185e+01,3.90164e+01,3.88150e+01,3.86143e+01,3.84143e+01,3.82151e+01,3.80166e+01,3.78190e+01,3.76222e+01,3.74262e+01,3.72311e+01,3.70369e+01,3.68437e+01,3.66514e+01,3.64601e+01,3.62698e+01,3.60807e+01,3.58926e+01,3.57057e+01,3.55199e+01,3.53354e+01,3.51521e+01,3.49701e+01,3.47894e+01,3.46101e+01,3.44323e+01,3.42559e+01,3.40810e+01,3.39077e+01,3.37360e+01,3.35660e+01,3.33976e+01,3.32310e+01,3.30663e+01,3.29034e+01,3.27424e+01,3.25833e+01,3.24263e+01,3.22714e+01,3.21186e+01,3.19679e+01,3.18195e+01,3.16734e+01,3.15296e+01,3.13883e+01,3.12493e+01,3.11129e+01,3.09790e+01,3.08476e+01,3.07190e+01,3.05930e+01,3.04697e+01,3.03493e+01,3.02316e+01,3.01168e+01,3.00049e+01,2.98958e+01,2.97898e+01,2.96867e+01,2.95866e+01,2.94895e+01,2.93954e+01,2.93044e+01,2.92164e+01,2.91315e+01,2.90497e+01,2.89708e+01,2.88951e+01,2.88223e+01,2.87526e+01,2.86858e+01,2.86220e+01,2.85611e+01,2.85031e+01,2.84479e+01,2.83956e+01,2.83460e+01,2.82991e+01,2.82548e+01,2.82132e+01,2.81740e+01,2.81373e+01,2.81030e+01,2.80710e+01,2.80413e+01,2.80137e+01,2.79882e+01,2.79646e+01,2.79430e+01,2.79232e+01,2.79052e+01,2.78888e+01,2.78740e+01,2.78607e+01,2.78488e+01,2.78382e+01,2.78288e+01,2.78206e+01,2.78134e+01,2.78072e+01,2.78020e+01,2.77975e+01,2.77938e+01,2.77908e+01,2.77884e+01,2.77865e+01,2.77851e+01,2.77841e+01,2.77835e+01,2.77831e+01,2.77830e+01,2.77831e+01,2.77833e+01,2.77837e+01,2.77841e+01,2.77845e+01,2.77849e+01,2.77854e+01,2.77857e+01,2.77861e+01,2.77863e+01,2.77864e+01,2.77865e+01,2.77864e+01,2.77863e+01,2.77861e+01,2.77857e+01,2.77854e+01,2.77849e+01,2.77845e+01,2.77841e+01,2.77837e+01,2.77833e+01,2.77831e+01,2.77830e+01,2.77831e+01,2.77835e+01,2.77841e+01,2.77851e+01,2.77865e+01,2.77884e+01,2.77908e+01,2.77938e+01,2.77975e+01,2.78020e+01,2.78072e+01,2.78134e+01,2.78206e+01,2.78288e+01,2.78382e+01,2.78488e+01,2.78607e+01,2.78740e+01,2.78888e+01,2.79052e+01,2.79232e+01,2.79430e+01,2.79646e+01,2.79882e+01,2.80137e+01,2.80413e+01,2.80710e+01,2.81030e+01,2.81373e+01,2.81740e+01,2.82132e+01,2.82548e+01,2.82991e+01,2.83460e+01,2.83956e+01,2.84479e+01,2.85031e+01,2.85611e+01,2.86220e+01,2.86858e+01,2.87526e+01,2.88223e+01,2.88951e+01,2.89708e+01,2.90497e+01,2.91315e+01,2.92164e+01,2.93044e+01,2.93954e+01,2.94895e+01,2.95866e+01,2.96867e+01,2.97898e+01,2.98958e+01,3.00049e+01,3.01168e+01,3.02316e+01,3.03493e+01,3.04697e+01,3.05930e+01,3.07190e+01,3.08476e+01,3.09790e+01,3.11129e+01,3.12493e+01,3.13883e+01
3.96450e+01,3.94397e+01,3.92351e+01,3.90311e+01,3.88277e+01,3.86250e+01,3.84229e+01,3.82216e+01,3.80210e+01,3.78212e+01,3.76222e+01,3.74239e+01,3.72265e+01,3.70300e+01,3.68343e+01,3.66396e+01,3.64458e+01,3.62530e+01,3.60612e+01,3.58705e+01,3.56809e+01,3.54924e+01,3.53050e+01,3.51189e+01,3.49340e+01,3.47504e+01,3.45681e+01,3.43872e+01,3.42077e+01,3.40297e+01,3.38532e+01,3.36782e+01,3.35048e+01,3.33331e+01,3.31631e+01,3.29949e+01,3.28285e+01,3.26639e+01,3.25013e+01,3.23406e+01,3.21820e+01,3.20255e+01,3.18711e+01,3.17189e+01,3.15689e+01,3.14213e+01,3.12760e+01,3.11332e+01,3.09928e+01,3.08550e+01,3.07197e+01,3.05871e+01,3.04572e+01,3.03300e+01,3.02055e+01,3.00839e+01,2.99652e+01,2.98494e+01,2.97365e+01,2.96266e+01,2.95197e+01,2.94159e+01,2.93151e+01,2.92174e+01,2.91228e+01,2.90313e+01,2.89429e+01,2.88577e+01,2.87756e+01,2.86966e+01,2.86207e+01,2.85480e+01,2.84783e+01,2.84116e+01,2.83481e+01,2.82875e+01,2.82298e+01,2.81751e+01,2.81233e+01,2.80743e+01,2.80280e+01,2.79845e+01,2.79436e+01,2.79053e+01,2.78695e+01,2.78361e+01,2.78051e+01,2.77764e+01,2.77499e+01,2.77255e+01,2.77031e+01,2.76826e+01,2.76640e+01,2.76472e+01,2.76321e+01,2.76185e+01,2.76064e+01,2.75957e+01,2.75864e+01,2.75783e+01,2.75713e+01,2.75653e+01,2.75603e+01,2.75562e+01,2.75529e+01,2.75504e+01,2.75484e+01,2.75471e+01,2.75462e+01,2.75458e+01,2.75457e+01,2.75459e+01,2.75464e+01,2.75471e+01,2.75479e+01,2.75488e+01,2.75497e+01,2.75507e+01,2.75516e+01,2.75525e+01,2.75533e+01,2.75539e+01,2.75545e+01,2.75549e+01,2.75551e+01,2.75552e+01,2.75551e+01,2.75549e+01,2.75545e+01,2.75539e+01,2.75533e+01,2.75525e+01,2.75516e+01,2.75507e+01,2.75497e+01,2.75488e+01,2.75479e+01,2.75471e+01,2.75464e+01,2.75459e+01,2.75457e+01,2.75458e+01,2.75462e+01,2.75471e+01,2.75484e+01,2.75504e+01,2.75529e+01,2.75562e+01,2.75603e+01,2.75653e+01,2.75713e+01,2.75783e+01,2.75864e+01,2.75957e+01,2.76064e+01,2.76185e+01,2.76321e+01,2.76472e+01,2.76640e+01,2.76826e+01,2.77031e+01,2.77255e+01,2.77499e+01,2.77764e+01,2.78051e+01,2.78361e+01,2.78695e+01,2.79053e+01,2.79436e+01,2.79845e+01,2.80280e+01,2.80743e+01,2.81233e+01,2.81751e+01,2.82298e+01,2.82875e+01,2.83481e+01,2.84116e+01,2.84783e+01,2.85480e+01,2.86207e+01,2.86966e+01,2.87756e+01,2.88577e+01,2.89429e+01,2.90313e+01,2.91228e+01,2.92174e+01,2.93151e+01,2.94159e+01,2.95197e+01,2.96266e+01,2.97365e+01,2.98494e+01,2.99652e+01,3.00839e+01,3.02055e+01,3.03300e+01,3.04572e+01,3.05871e+01,3.07197e+01,3.08550e+01,3.09928e+01,3.11332e+01
3.94623e+01,3.92558e+01,3.90499e+01,3.88446e+01,3.86399e+01,3.84359e+01,3.82325e+01,3.80298e+01,3.78279e+01,3.76267e+01,3.74262e+01,3.72265e+01,3.70277e+01,3.68297e+01,3.66325e+01,3.64363e+01,3.62410e+01,3.60467e+01,3.58533e+01,3.56610e+01,3.54698e+01,3.52797e+01,3.50908e+01,3.49030e+01,3.47165e+01,3.45312e+01,3.43473e+01,3.41647e+01,3.39835e+01,3.38038e+01,3.36256e+01,3.34489e+01,3.32739e+01,3.31005e+01,3.29288e+01,3.27589e+01,3.25907e+01,3.24245e+01,3.22602e+01,3.20978e+01,3.19376e+01,3.17794e+01,3.16233e+01,3.14695e+01,3.13180e+01,3.11688e+01,3.10220e+01,3.08776e+01,3.07358e+01,3.05965e+01,3.04599e+01,3.03259e+01,3.01946e+01,3.00661e+01,2.99405e+01,2.98177e+01,2.96979e+01,2.95810e+01,2.94671e+01,2.93563e+01,2.92486e+01,2.91439e+01,2.90424e+01,2.89441e+01,2.88489e+01,2.87569e+01,2.86681e+01,2.85826e+01,2.85002e+01,2.84211e+01,2.83451e+01,2.82723e+01,2.82027e+01,2.81363e+01,2.80729e+01,2.80126e+01,2.79554e+01,2.79011e+01,2.78498e+01,2.78015e+01,2.77559e+01,2.77131e+01,2.76730e+01,2.76356e+01,2.76007e+01,2.75684e+01,2.75384e+01,2.75107e+01,2.74853e+01,2.74621e+01,2.74409e+01,2.74217e+01,2.74044e+01,2.73888e+01,2.73750e+01,2.73627e+01,2.73519e+01,2.73426e+01,2.73345e+01,2.73277e+01,2.73220e+01,2.73173e+01,2.73136e+01,2.73107e+01,2.73086e+01,2.73072e+01,2.73064e+01,2.73061e+01,2.73063e+01,2.73069e+01,2.73078e+01,2.73090e+01,2.73103e+01,2.73118e+01,2.73134e+01,2.73150e+01,2.73166e+01,2.73181e+01,2.73195e+01,2.73208e+01,2.73220e+01,2.73230e+01,2.73238e+01,2.73243e+01,2.73247e+01,2.73248e+01,2.73247e+01,2.73243e+01,2.73238e+01,2.73230e+01,2.73220e+01,2.73208e+01,2.73195e+01,2.73181e+01,2.73166e+01,2.73150e+01,2.73134e+01,2.73118e+01,2.73103e+01,2.73090e+01,2.73078e+01,2.73069e+01,2.73063e+01,2.73061e+01,2.73064e+01,2.73072e+01,2.73086e+01,2.73107e+01,2.73136e+01,2.73173e+01,2.73220e+01,2.73277e+01,2.73345e+01,2.73426e+01,2.73519e+01,2.73627e+01,2.73750e+01,2.73888e+01,2.74044e+01,2.74217e+01,2.74409e+01,2.74621e+01,2.74853e+01,2.75107e+01,2.75384e+01,2.75684e+01,2.76007e+01,2.76356e+01,2.76730e+01,2.77131e+01,2.77559e+01,2.78015e+01,2.78498e+01,2.79011e+01,2.79554e+01,2.80126e+01,2.80729e+01,2.81363e+01,2.82027e+01,2.82723e+01,2.83451e+01,2.84211e+01,2.85002e+01,2.85826e+01,2.86681e+01,2.87569e+01,2.88489e+01,2.89441e+01,2.90424e+01,2.91439e+01,2.92486e+01,2.93563e+01,2.94671e+01,2.95810e+01,2.96979e+01,2.98177e+01,2.99405e+01,3.00661e+01,3.01946e+01,3.03259e+01,3.04599e+01,3.05965e+01,3.07358e+01,3.08776e+01
3.92807e+01,3.90729e+01,3.88657e+01,3.86591e+01,3.84531e+01,3.82478e+01,3.80430e+01,3.78390e+01,3.76356e+01,3.74330e+01,3.72311e+01,3.70300e+01,3.68297e+01,3.66302e+01,3.64315e+01,3.62338e+01,3.60369e+01,3.58410e+01,3.56461e+01,3.54523e+01,3.52594e+01,3.50677e+01,3.48771e+01,3.46877e+01,3.44995e+01,3.43126e+01,3.41269e+01,3.39426e+01,3.37598e+01,3.35783e+01,3.33984e+01,3.32200e+01,3.30432e+01,3.28680e+01,3.26946e+01,3.25229e+01,3.23531e+01,3.21851e+01,3.20190e+01,3.18550e+01,3.16930e+01,3.15331e+01,3.13754e+01,3.12199e+01,3.10667e+01,3.09159e+01,3.07675e+01,3.06216e+01,3.04782e+01,3.03374e+01,3.01993e+01,3.00639e+01,2.99313e+01,2.98015e+01,2.96746e+01,2.95506e+01,2.94296e+01,2.93116e+01,2.91967e+01,2.90850e+01,2.89763e+01,2.88708e+01,2.87686e+01,2.86696e+01,2.85738e+01,2.84813e+01,2.83921e+01,2.83062e+01,2.82236e+01,2.81442e+01,2.80682e+01,2.79954e+01,2.79259e+01,2.78595e+01,2.77964e+01,2.77365e+01,2.76797e+01,2.76259e+01,2.75752e+01,2.75274e+01,2.74826e+01,2.74406e+01,2.74014e+01,2.73649e+01,2.73310e+01,2.72997e+01,2.72708e+01,2.72443e+01,2.72201e+01,2.71981e+01,2.71781e+01,2.71602e+01,2.71442e+01,2.71300e+01,2.71175e+01,2.71066e+01,2.70972e+01,2.70892e+01,2.70825e+01,2.70771e+01,2.70727e+01,2.70694e+01,2.70670e+01,2.70654e+01,2.70646e+01,2.70644e+01,2.70648e+01,2.70657e+01,2.70670e+01,2.70686e+01,2.70706e+01,2.70727e+01,2.70749e+01,2.70773e+01,2.70796e+01,2.70820e+01,2.70842e+01,2.70863e+01,2.70883e+01,2.70901e+01,2.70916e+01,2.70930e+01,2.70940e+01,2.70948e+01,2.70952e+01,2.70954e+01,2.70952e+01,2.70948e+01,2.70940e+01,2.70930e+01,2.70916e+01,2.70901e+01,2.70883e+01,2.70863e+01,2.70842e+01,2.70820e+01,2.70796e+01,2.70773e+01,2.70749e+01,2.70727e+01,2.70706e+01,2.70686e+01,2.70670e+01,2.70657e+01,2.70648e+01,2.70644e+01,2.70646e+01,2.70654e+01,2.70670e+01,2.70694e+01,2.70727e+01,2.70771e+01,2.70825e+01,2.70892e+01,2.70972e+01,2.71066e+01,2.71175e+01,2.71300e+01,2.71442e+01,2.71602e+01,2.71781e+01,2.71981e+01,2.72201e+01,2.72443e+01,2.72708e+01,2.72997e+01,2.73310e+01,2.73649e+01,2.74014e+01,2.74406e+01,2.74826e+01,2.75274e+01,2.75752e+01,2.76259e+01,2.76797e+01,2.77365e+01,2.77964e+01,2.78595e+01,2.79259e+01,2.79954e+01,2.80682e+01,2.81442e+01,2.82236e+01,2.83062e+01,2.83921e+01,2.84813e+01,2.85738e+01,2.86696e+01,2.87686e+01,2.88708e+01,2.89763e+01,2.90850e+01,2.91967e+01,2.93116e+01,2.94296e+01,2.95506e+01,2.96746e+01,2.98015e+01,2.99313e+01,3.00639e+01,3.01993e+01,3.03374e+01,3.04782e+01,3.06216e+01
3.91001e+01,3.88910e+01,3.86825e+01,3.84746e+01,3.82673e+01,3.80606e+01,3.78545e+01,3.76491e+01,3.74443e+01,3.72402e+01,3.70369e+01,3.68343e+01,3.66325e+01,3.64315e+01,3.62313e+01,3.60321e+01,3.58337e+01,3.56362e+01,3.54397e+01,3.52442e+01,3.50497e+01,3.48564e+01,3.46641e+01,3.44730e+01,3.42831e+01,3.40944e+01,3.39071e+01,3.37211e+01,3.35364e+01,3.33532e+01,3.31715e+01,3.29913e+01,3.28128e+01,3.26358e+01,3.24606e+01,3.22871e+01,3.21155e+01,3.19457e+01,3.17779e+01,3.16120e+01,3.14483e+01,3.12866e+01,3.11272e+01,3.09700e+01,3.08151e+01,3.06626e+01,3.05126e+01,3.03650e+01,3.02201e+01,3.00777e+01,2.99381e+01,2.98012e+01,2.96672e+01,2.95360e+01,2.94078e+01,2.92826e+01,2.91603e+01,2.90412e+01,2.89253e+01,2.88125e+01,2.87029e+01,2.85966e+01,2.84935e+01,2.83938e+01,2.82974e+01,2.82044e+01,2.81147e+01,2.80284e+01,2.79455e+01,2.78660e+01,2.77898e+01,2.77170e+01,2.76476e+01,2.75815e+01,2.75186e+01,2.74590e+01,2.74026e+01,2.73494e+01,2.72993e+01,2.72522e+01,2.72081e+01,2.71670e+01,2.71287e+01,2.70931e+01,2.70603e+01,2.70300e+01,2.70023e+01,2.69770e+01,2.69540e+01,2.69333e+01,2.69147e+01,2.68981e+01,2.68835e+01,2.68707e+01,2.68596e+01,2.68502e+01,2.68422e+01,2.68357e+01,2.68304e+01,2.68264e+01,2.68235e+01,2.68215e+01,2.68205e+01,2.68203e+01,2.68208e+01,2.68219e+01,2.68236e+01,2.68257e+01,2.68281e+01,2.68309e+01,2.68339e+01,2.68370e+01,2.68402e+01,2.68435e+01,2.68466e+01,2.68497e+01,2.68527e+01,2.68554e+01,2.68580e+01,2.68602e+01,2.68622e+01,2.68639e+01,2.68652e+01,2.68661e+01,2.68667e+01,2.68669e+01,2.68667e+01,2.68661e+01,2.68652e+01,2.68639e+01,2.68622e+01,2.68602e+01,2.68580e+01,2.68554e+01,2.68527e+01,2.68497e+01,2.68466e+01,2.68435e+01,2.68402e+01,2.68370e+01,2.68339e+01,2.68309e+01,2.68281e+01,2.68257e+01,2.68236e+01,2.68219e+01,2.68208e+01,2.68203e+01,2.68205e+01,2.68215e+01,2.68235e+01,2.68264e+01,2.68304e+01,2.68357e+01,2.68422e+01,2.68502e+01,2.68596e+01,2.68707e+01,2.68835e+01,2.68981e+01,2.69147e+01,2.69333e+01,2.69540e+01,2.69770e+01,2.70023e+01,2.70300e+01,2.70603e+01,2.70931e+01,2.71287e+01,2.71670e+01,2.72081e+01,2.72522e+01,2.72993e+01,2.73494e+01,2.74026e+01,2.74590e+01,2.75186e+01,2.75815e+01,2.76476e+01,2.77170e+01,2.77898e+01,2.78660e+01,2.79455e+01,2.80284e+01,2.81147e+01,2.82044e+01,2.82974e+01,2.83938e+01,2.84935e+01,2.85966e+01,2.87029e+01,2.88125e+01,2.89253e+01,2.90412e+01,2.91603e+01,2.92826e+01,2.94078e+01,2.95360e+01,2.96672e+01,2.98012e+01,2.99381e+01,3.00777e+01,3.02201e+01,3.03650e+01
3.89205e+01,3.87102e+01,3.85004e+01,3.82912e+01,3.80825e+01,3.78744e+01,3.76670e+01,3.74601e+01,3.72540e+01,3.70485e+01,3.68437e+01,3.66396e+01,3.64363e+01,3.62338e+01,3.60321e+01,3.58312e+01,3.56312e+01,3.54321e+01,3.52340e+01,3.50369e+01,3.48408e+01,3.46457e+01,3.44517e+01,3.42589e+01,3.40673e+01,3.38769e+01,3.36878e+01,3.35000e+01,3.33135e+01,3.31285e+01,3.29450e+01,3.27630e+01,3.25826e+01,3.24038e+01,3.22268e+01,3.20515e+01,3.18780e+01,3.17064e+01,3.15367e+01,3.13690e+01,3.12035e+01,3.10400e+01,3.08788e+01,3.07198e+01,3.05632e+01,3.04089e+01,3.02572e+01,3.01079e+01,2.99613e+01,2.98174e+01,2.96762e+01,2.95378e+01,2.94023e+01,2.92697e+01,2.91401e+01,2.90135e+01,2.88901e+01,2.87698e+01,2.86527e+01,2.85388e+01,2.84282e+01,2.83210e+01,2.82172e+01,2.81167e+01,2.80196e+01,2.79261e+01,2.78359e+01,2.77492e+01,2.76660e+01,2.75863e+01,2.75101e+01,2.74373e+01,2.73679e+01,2.73019e+01,2.72394e+01,2.71801e+01,2.71242e+01,2.70715e+01,2.70220e+01,2.69757e+01,2.69324e+01,2.68921e+01,2.68547e+01,2.68202e+01,2.67885e+01,2.67594e+01,2.67329e+01,2.67088e+01,2.66872e+01,2.66678e+01,2.66506e+01,2.66355e+01,2.66223e+01,2.66110e+01,2.66014e+01,2.65934e+01,2.65870e+01,2.65820e+01,2.65782e+01,2.65757e+01,2.65743e+01,2.65738e+01,2.65742e+01,2.65754e+01,2.65773e+01,2.65798e+01,2.65828e+01,2.65861e+01,2.65898e+01,2.65938e+01,2.65978e+01,2.66020e+01,2.66062e+01,2.66104e+01,2.66145e+01,2.66184e+01,2.66220e+01,2.66255e+01,2.66286e+01,2.66313e+01,2.66338e+01,2.66358e+01,2.66373e+01,2.66385e+01,2.66392e+01,2.66394e+01,2.66392e+01,2.66385e+01,2.66373e+01,2.66358e+01,2.66338e+01,2.66313e+01,2.66286e+01,2.66255e+01,2.66220e+01,2.66184e+01,2.66145e+01,2.66104e+01,2.66062e+01,2.66020e+01,2.65978e+01,2.65938e+01,2.65898e+01,2.65861e+01,2.65828e+01,2.65798e+01,2.65773e+01,2.65754e+01,2.65742e+01,2.65738e+01,2.65743e+01,2.65757e+01,2.65782e+01,2.65820e+01,2.65870e+01,2.65934e+01,2.66014e+01,2.66110e+01,2.66223e+01,2.66355e+01,2.66506e+01,2.66678e+01,2.66872e+01,2.67088e+01,2.67329e+01,2.67594e+01,2.67885e+01,2.68202e+01,2.68547e+01,2.68921e+01,2.69324e+01,2.69757e+01,2.70220e+01,2.70715e+01,2.71242e+01,2.71801e+01,2.72394e+01,2.73019e+01,2.73679e+01,2.74373e+01,2.75101e+01,2.75863e+01,2.76660e+01,2.77492e+01,2.78359e+01,2.79261e+01,2.80196e+01,2.81167e+01,2.82172e+01,2.83210e+01,2.84282e+01,2.85388e+01,2.86527e+01,2.87698e+01,2.88901e+01,2.90135e+01,2.91401e+01,2.92697e+01,2.94023e+01,2.95378e+01,2.96762e+01,2.98174e+01,2.99613e+01,3.01079e+01
